A	C	D	E	F	G	H	I	L	K	M	N	P	Q	R	S	T	V	W	Y
A	1.0000	0.0938	0.1064	0.1466	0.0926	0.2772	0.0513	0.1849	0.2690	0.1577	0.0681	0.0889	0.1060	0.0923	0.1414	0.2943	0.1908	0.2734	0.0186	0.0670
C	0.1649	1.0000	0.0461	0.0333	0.0553	0.0631	0.0222	0.1101	0.1602	0.0495	0.0405	0.0383	0.0331	0.0289	0.0443	0.0922	0.0826	0.1181	0.0152	0.0398
D	0.1053	0.0259	1.0000	0.2773	0.0484	0.1450	0.0509	0.0702	0.0743	0.1137	0.0259	0.1676	0.0765	0.0920	0.0740	0.1540	0.1001	0.0754	0.0098	0.0351
E	0.1999	0.0257	0.3821	1.0000	0.0670	0.1450	0.0969	0.0969	0.1409	0.2976	0.0488	0.1677	0.1053	0.2404	0.1935	0.2124	0.1378	0.1431	0.0186	0.0666
F	0.1209	0.0409	0.0640	0.0640	1.0000	0.0877	0.0587	0.2113	0.3073	0.0687	0.0776	0.0533	0.0335	0.0403	0.0616	0.0930	0.0833	0.1644	0.0557	0.2764
G	0.1458	0.0189	0.0773	0.0560	0.0354	1.0000	0.0269	0.0372	0.0540	0.0603	0.0189	0.0888	0.0406	0.0354	0.0540	0.1125	0.0530	0.0550	0.0135	0.0257
H	0.1150	0.0283	0.1159	0.1597	0.1007	0.1150	1.0000	0.0769	0.1117	0.1243	0.0390	0.1833	0.0608	0.1004	0.1538	0.1222	0.0793	0.0825	0.0203	0.1907
I	0.2190	0.0741	0.0842	0.0842	0.1917	0.0838	0.0404	1.0000	0.7666	0.0901	0.1403	0.0699	0.0607	0.0531	0.0809	0.1222	0.1508	0.7793	0.0202	0.1007
L	0.1502	0.0508	0.0419	0.0577	0.1315	0.0574	0.0279	0.3616	1.0000	0.0856	0.1330	0.0482	0.0416	0.0503	0.0767	0.0841	0.1037	0.2817	0.0192	0.0692
K	0.1863	0.0330	0.1357	0.2582	0.0624	0.1350	0.0656	0.0901	0.1806	1.0000	0.0628	0.1561	0.0982	0.1624	0.3423	0.1978	0.1284	0.1333	0.0172	0.0621
M	0.2856	0.0966	0.1097	0.1512	0.2499	0.1501	0.0730	0.4982	1.0000	0.2236	0.6609	0.1260	0.1092	0.1806	0.2005	0.2199	0.1969	0.5349	0.0504	0.1312
N	0.1263	0.0308	0.2413	0.1749	0.0583	0.2399	0.1163	0.0841	0.1227	0.1880	0.0426	1.0000	0.0667	0.1103	0.1686	0.2547	0.1652	0.0905	0.0117	0.0580
P	0.1458	0.0260	0.1065	0.1065	0.0353	0.1058	0.0371	0.0704	0.1026	0.1144	0.0358	0.0643	1.0000	0.0670	0.0744	0.1124	0.1004	0.1043	0.0098	0.0353
Q	0.3176	0.0564	0.3193	0.6066	0.1060	0.2303	0.1539	0.1539	0.3084	0.4726	0.1477	0.2662	0.1676	1.0000	0.4242	0.3369	0.2189	0.2275	0.0405	0.1460
R	0.2076	0.0369	0.1099	0.2090	0.0694	0.1508	0.1005	0.1005	0.2014	0.4260	0.0702	0.1740	0.0796	0.1812	1.0000	0.1599	0.1432	0.1078	0.0192	0.0691
S	0.4961	0.0883	0.2625	0.2625	0.1202	0.3597	0.0918	0.1742	0.2537	0.2821	0.0883	0.3018	0.1374	0.1654	0.1835	1.0000	0.3420	0.1869	0.0240	0.0868
T	0.2919	0.0714	0.1546	0.1546	0.0977	0.1538	0.0541	0.1946	0.2832	0.1659	0.0714	0.1773	0.1114	0.0973	0.1487	0.3099	1.0000	0.2880	0.0271	0.0706
V	0.2811	0.0689	0.0784	0.1081	0.1295	0.1073	0.0376	0.6762	0.5182	0.1160	0.1310	0.0653	0.0780	0.0681	0.0756	0.1140	0.1936	1.0000	0.0190	0.0938
W	0.0638	0.0296	0.0337	0.0465	0.1462	0.0880	0.0309	0.0586	0.1176	0.0500	0.0409	0.0281	0.0244	0.0404	0.0448	0.0491	0.0606	0.0629	1.0000	0.1458
Y	0.1214	0.0409	0.0644	0.0885	0.3833	0.0881	0.1538	0.1538	0.2238	0.0951	0.0564	0.0739	0.0463	0.0767	0.0853	0.0935	0.0837	0.1649	0.0770	1.0000
