1981 1989 1982 
1981 1990 1982 
2072 2080 2073 
2072 2081 2073 
2285 2294 2293 
2292 2294 2293 
2379 2388 2387 
2379 2389 2387 
2524 2533 2532 
2524 2534 2532 
2546 2534 2532 
2568 2578 2570 
2590 2578 2570 
2676 2684 2677 
2676 2685 2677 
3987 3989 3986 
4135 4136 4175 
4135 4136 4176 
4183 4136 4175 
4183 4136 4176 
4278 4322 4306 
4278 4322 4320 
4278 4322 4326 
4500 4501 4540 
4500 4501 4541 
4860 4904 4888 
4860 4904 4902 
4860 4904 4908 
5553 5549 5545 
5553 5549 5547 
5553 5554 5557 
5553 5554 5558 
5555 5554 5557 
5555 5554 5558 
